#OTU ID	PA1	PS4	PS5	PS6	PS7	PS9
OTU_1002	0	0	0	0	0.008	0
OTU_1010	0	0.008	0	0.032	0	0.016
OTU_1011	0	0	0	0	0	0
OTU_1025	0	0	0	0	0	0.008
OTU_1059	0.016	0	0	0.008	0	0
OTU_1070	0	0	0	0	0	0
OTU_1087	0	0	0	0	0.032	0
OTU_1128	0	0	0.008	0	0	0.008
OTU_113	0.032	0	0	0.008	0.032	0.024
OTU_1140	0	0	0	0	0	0.016
OTU_1149	0	0	0	0	0	0.016
OTU_1152	0	0	0.008	0	0	0.008
OTU_1160	0	0	0.008	0	0.008	0
OTU_1188	0	0	0	0	0	0
OTU_1191	0	0	0.008	0.016	0.016	0
OTU_1192	0.008	0	0.008	0	0.008	0
OTU_1203	0	0	0.008	0	0.016	0
OTU_1204	0	0	0	0	0.008	0.024
OTU_1210	0.016	0	0.008	0	0	0
OTU_1218	0	0.016	0	0	0	0
OTU_1225	0	0	0	0	0	0.016
OTU_1226	0.032	0.008	0.008	0	0.008	0
OTU_1229	0.016	0	0	0	0	0
OTU_1232	0.032	0	0	0	0	0
OTU_1236	0	0.016	0	0	0.024	0
OTU_1246	0	0.016	0.024	0.008	0	0.008
OTU_1247	0.016	0	0	0.072	0	0
OTU_1251	0	0	0	0	0.016	0.016
OTU_1252	0	0.008	0	0	0	0.024
OTU_1258	0	0	0.008	0	0	0
OTU_1259	0	0.016	0.024	0	0	0
OTU_1260	0	0	0.024	0	0	0
OTU_1262	0	0.016	0.016	0	0	0.008
OTU_1266	0	0.008	0.016	0	0	0.008
OTU_1267	0	0.008	0	0	0	0.008
OTU_1272	0	0	0	0	0.024	0
OTU_1278	0	0	0	0	0.008	0
OTU_1279	0	0.008	0	0.008	0	0
OTU_1281	0.032	0.008	0.016	0	0.024	0.008
OTU_129	0	0	0	0	0	0
OTU_1301	0	0	0	0	0	0.016
OTU_1305	0	0	0	0	0.016	0.008
OTU_1308	0	0	0.008	0	0.016	0.008
OTU_1314	0	0	0	0	0	0.016
OTU_1318	0	0	0	0.008	0	0.008
OTU_1333	0	0	0	0	0.024	0
OTU_1334	0	0	0	0	0	0.016
OTU_1336	0	0.008	0	0	0.008	0
OTU_1341	0	0	0	0	0.008	0
OTU_1352	0	0	0	0.024	0	0
OTU_136	0	0.016	0	0	0	0
OTU_1364	0	0.024	0.016	0.008	0	0.024
OTU_1368	0	0	0	0.016	0.016	0
OTU_1370	0	0.016	0.008	0	0	0
OTU_138	0.032	0.016	0	0	0	0
OTU_1388	0	0.008	0	0.008	0	0.024
OTU_1391	0.016	0	0.016	0	0	0
OTU_1394	0	0	0.024	0	0.008	0
OTU_1403	0	0	0	0	0	0.032
OTU_1404	0	0	0.008	0	0	0
OTU_1405	0	0.016	0	0	0	0.008
OTU_1410	0	0	0.016	0	0	0
OTU_1413	0	0	0.032	0	0.016	0
OTU_1415	0	0	0	0	0	0
OTU_1418	0.064	0	0	0.008	0	0.008
OTU_1421	0	0	0.04	0	0	0
OTU_1423	0	0	0.008	0	0.024	0
OTU_1424	0	0.032	0	0	0	0.016
OTU_1425	0	0	0.008	0	0	0
OTU_1426	0	0.008	0.008	0	0	0
OTU_1427	0	0	0.032	0	0	0
OTU_1434	0	0	0	0	0.016	0.016
OTU_1436	0	0	0	0.016	0	0
OTU_1442	0	0	0.008	0	0.008	0.008
OTU_1444	0	0	0.008	0.008	0	0
OTU_1448	0	0.016	0	0	0.016	0.008
OTU_1450	0.016	0	0	0.024	0	0.016
OTU_1451	0	0.008	0.008	0	0.008	0
OTU_1456	0	0.008	0.008	0	0.032	0
OTU_1460	0	0.016	0	0	0	0
OTU_1461	0	0.016	0	0	0	0
OTU_1462	0	0.016	0.016	0	0.016	0
OTU_1464	0	0.008	0	0	0	0.016
OTU_1465	0	0	0	0	0	0.008
OTU_1467	0.048	0	0	0	0	0
OTU_1471	0.048	0	0	0	0	0
OTU_1472	0.016	0	0	0	0.008	0
OTU_1473	0.048	0	0	0	0	0
OTU_1482	0	0	0	0.016	0	0.016
OTU_149	0	0.04	0.008	0	0.008	0.024
OTU_1491	0	0	0	0.024	0	0
OTU_1501	0	0.008	0	0	0.008	0
OTU_1506	0	0	0	0	0	0
OTU_1512	0	0.064	0.04	0.008	0.016	0.032
OTU_1515	0.032	0	0	0.016	0	0.016
OTU_1517	0	0	0	0.016	0	0
OTU_1518	0	0	0.008	0	0	0
OTU_1522	0	0.008	0.008	0	0	0
OTU_1527	0	0.016	0	0	0	0
OTU_1528	0	0.016	0	0	0	0
OTU_1533	0	0	0	0.008	0	0.016
OTU_1537	0	0.008	0	0.016	0	0
OTU_1573	0	0	0	0.024	0.008	0
OTU_1577	0.008	0	0	0.016	0.024	0
OTU_1578	0	0	0	0	0.008	0
OTU_1579	0	0	0	0	0	0
OTU_1580	0	0	0.04	0	0.008	0
OTU_1583	0	0	0	0	0.008	0
OTU_1586	0	0	0	0	0.008	0
OTU_1593	0	0	0	0	0.016	0
OTU_1594	0	0.008	0.008	0	0	0
OTU_1604	0.064	0	0	0	0	0
OTU_1611	0.016	0	0	0	0	0
OTU_1616	0	0	0	0.032	0	0
OTU_1617	0	0	0.008	0	0	0.032
OTU_1619	0	0	0	0	0	0.016
OTU_1623	0.032	0.008	0	0	0	0
OTU_1636	0	0	0	0	0	0.032
OTU_164	0.064	0	0	0	0	0
OTU_1644	0	0	0	0.008	0	0
OTU_1651	0.032	0	0	0	0	0
OTU_1652	0	0.024	0.016	0	0	0
OTU_1653	0	0.008	0	0	0.016	0
OTU_1656	0.016	0	0	0.016	0	0.016
OTU_166	0	0	0	0.032	0	0
OTU_1661	0.032	0	0	0	0	0
OTU_1667	0	0.008	0.016	0	0.008	0
OTU_1670	0	0.008	0	0	0.008	0
OTU_1672	0	0	0.032	0.008	0	0.016
OTU_1674	0	0.024	0	0	0	0
OTU_1679	0	0.008	0	0	0	0
OTU_1681	0	0	0.008	0	0	0
OTU_1685	0	0	0.016	0	0	0
OTU_1688	0.016	0.016	0	0	0	0
OTU_1689	0	0	0.016	0	0	0
OTU_169	0	0.008	0	0	0	0.008
OTU_1690	0	0.024	0	0	0	0
OTU_1692	0	0	0.008	0.016	0	0.008
OTU_1696	0	0.016	0.016	0	0.016	0
OTU_1699	0	0.008	0.016	0.008	0	0.008
OTU_1704	0	0	0.024	0	0	0
OTU_1708	0	0	0	0.008	0	0
OTU_171	0	0.008	0.024	0	0	0
OTU_1710	0	0	0	0.024	0	0
OTU_1712	0	0	0	0.024	0	0.016
OTU_184	0	0	0.008	0	0.032	0.008
OTU_187	0	0	0.016	0	0	0
OTU_215	0	0.016	0	0	0	0
OTU_217	0.032	0	0	0.008	0	0
OTU_222	0	0	0	0	0.016	0
OTU_223	0	0	0	0.016	0.024	0
OTU_226	0	0.024	0	0	0	0.024
OTU_231	0	0	0.008	0	0	0.016
OTU_242	0	0.008	0	0.016	0	0
OTU_25	0	0.032	0	0	0	0
OTU_263	0	0.008	0.016	0	0	0.024
OTU_29	0	0	0.008	0	0	0.016
OTU_292	0	0	0	0	0	0
OTU_297	0	0	0	0.016	0	0
OTU_301	0	0	0	0	0	0.008
OTU_308	0	0	0	0	0	0
OTU_315	0.016	0	0.008	0.008	0	0.008
OTU_322	0	0	0.016	0	0	0
OTU_354	0.032	0	0	0	0	0
OTU_356	0	0.008	0	0	0	0
OTU_362	0	0	0	0	0	0
OTU_370	0	0	0	0	0	0
OTU_371	0	0	0	0.016	0.008	0
OTU_392	0	0	0	0.016	0	0
OTU_395	0	0.008	0	0	0	0.016
OTU_400	0	0	0.008	0	0.008	0
OTU_406	0	0	0	0.024	0	0
OTU_424	0	0.008	0	0	0.04	0.016
OTU_426	0	0	0	0	0.008	0.016
OTU_44	0	0.016	0.008	0	0.008	0
OTU_442	0	0	0	0	0	0
OTU_444	0	0	0	0.016	0	0
OTU_45	0	0.04	0	0.024	0.008	0
OTU_457	0	0	0.016	0	0	0
OTU_467	0	0	0.008	0	0.008	0
OTU_47	0.008	0	0	0.04	0	0
OTU_479	0	0	0.008	0.024	0	0
OTU_48	0.016	0.008	0	0.032	0.008	0
OTU_481	0	0	0	0	0	0
OTU_499	0.016	0.016	0.008	0	0.056	0
OTU_5	0	0	0	0.008	0	0.04
OTU_500	0	0	0	0	0.008	0
OTU_513	0	0	0	0	0.032	0.008
OTU_515	0	0	0.008	0	0.008	0
OTU_518	0	0	0.008	0	0.008	0
OTU_528	0	0.016	0	0	0	0
OTU_555	0.032	0	0	0.016	0	0
OTU_569	0	0.008	0	0.008	0	0
OTU_579	0	0.016	0	0	0.008	0
OTU_58	0	0	0	0.008	0.016	0.016
OTU_6	0	0	0	0.016	0.008	0
OTU_604	0	0.008	0.008	0	0	0.008
OTU_633	0	0	0.008	0	0	0
OTU_647	0.048	0	0	0.016	0	0
OTU_708	0	0	0.008	0	0	0
OTU_73	0	0	0	0	0.016	0
OTU_778	0	0	0	0	0.008	0.008
OTU_793	0	0	0	0	0	0
OTU_85	0	0	0	0	0.016	0
OTU_91	0	0.032	0	0.016	0	0.008
OTU_92	0	0	0.016	0	0.016	0
OTU_929	0	0.008	0	0	0	0.016
OTU_938	0	0.008	0	0.016	0	0
OTU_983	0	0	0	0.016	0	0
OTU_984	0	0	0.032	0.016	0	0
OTU_998	0	0.008	0	0.016	0	0.016
